499
499
499
599
599
855
855
855
855
855
855
599
599
499
599
599
599
599
499
599
599
599
599
599
599
599
599
599
599
499
599
499
599
599
599
599
599
599
599
599
599
983
855
983
983
983
983
983
599
599
499
499
599
599
599
499
499
599
599
599
599
599
599
599
599
599
599
599
599
599
599
599
599
599
599
599
599
599
599
599
599
599
599
599
599
599
599
599
599
599
599
599
599
599
599
599
599
599
599
599
599
599
599
599
599
599
599
599
599
599
599
599
599
599
599
599
599
599
599
599
599
599
599
599
599
599
907
907
907
665
907
907
907
665
907
907
907
907
907
907
907
907
907
907
907
907
907
907
907
907
907
907
907
907
907
907
907
907
907
907
907
907
907
907
665
907
907
907
907
907
907
907
907
907
907
907
907
907
907
907
907
907
907
907
907
907
907
907
907
665
907
907
907
907
907
907
907
907
907
907
907
907
907
835
835
835
835
835
835
835
835
835
835
835
835
835
835
835
835
835
835
835
835
835
835
835
835
835
835
835
835
835
835
835
835
835
835
835
835
835
835
835
835
835
835
835
221
835
835
835
835
835
835
835
835
835
835
835
835
221
221
835
835
221
835
221
835
835
221
221
835
221
221
221
835
221
221
221
835
835
835
835
835
835
221
221
221
835
835
221
221
221
221
221
221
221
221
221
221
221
221
221
221
221
221
221
221
221
221
221
221
221
221
221
221
221
221
221
835
835
835
221
221
835
221
835
221
221
221
835
221
221
221
221
221
221
221
835
221
221
835
221
221
221
221
221
527
665
527
665
665
527
527
527
527
527
527
527
527
527
858
858
527
665
527
665
527
665
665
527
665
527
527
527
665
527
665
665
665
665
665
527
527
527
527
527
527
527
527
527
527
527
527
527
527
527
665
527
527
527
527
527
527
527
527
665
527
527
527
527
527
527
527
527
527
665
665
665
665
665
665
665
665
665
665
527
527
527
527
527
527
527
527
527
527
665
665
665
665
527
527
527
527
527
527
527
527
665
665
665
665
527
665
665
665
665
665
665
527
527
527
527
527
665
527
527
527
527
665
527
527
665
665
665
527
527
527
527
665
527
527
665
527
527
527
527
527
527
858
858
527
858
858
527
527
527
527
527
665
665
527
527
665
527
665
665
527
527
665
665
665
665
665
665
665
665
665
527
527
527
527
527
665
665
665
665
665
527
527
665
527
527
665
527
527
665
527
527
527
527
527
527
527
527
527
698
698
698
698
698
698
698
527
665
607
527
527
698
527
527
527
665
527
527
527
527
527
527
527
763
533
533
533
533
533
533
533
533
533
533
533
533
533
763
763
763
763
763
533
763
533
763
533
533
533
533
763
533
763
533
