531
531
531
531
531
531
531
531
531
531
531
531
531
531
531
531
531
531
531
531
531
531
531
531
531
531
531
531
531
531
531
531
531
531
531
531
531
783
665
689
665
665
665
665
665
665
665
665
665
665
550
550
550
550
550
550
550
550
550
550
550
550
447
653
653
918
918
918
918
653
653
653
653
653
653
653
653
653
653
653
653
653
653
653
653
653
653
653
653
653
653
653
653
653
653
653
653
653
653
653
653
653
653
653
653
653
653
653
653
653
653
653
653
653
653
653
653
653
653
653
653
653
653
653
653
653
653
653
690
904
690
690
904
904
904
904
904
684
904
651
823
421
823
569
835
502
835
835
502
502
852
852
835
852
524
524
852
852
524
820
835
852
820
835
569
569
569
502
502
502
569
466
466
401
732
668
668
668
401
401
744
732
569
569
651
569
569
569
569
569
569
569
569
414
668
401
668
732
668
651
922
922
716
716
414
651
744
744
744
744
466
466
401
466
553
414
414
414
414
466
466
466
414
414
466
569
569
569
679
679
679
679
502
502
679
679
679
569
569
679
679
679
679
466
679
679
679
679
679
679
458
466
653
466
466
466
466
466
466
466
466
466
653
653
466
466
466
535
535
425
835
870
835
870
653
653
653
870
870
870
870
870
870
652
652
652
652
652
652
652
652
525
652
652
652
652
652
652
652
652
652
652
652
652
652
877
877
802
802
436
436
640
640
640
670
670
670
670
802
984
802
670
670
984
670
670
984
571
670
729
877
729
729
729
729
436
729
729
802
670
984
553
984
984
984
108
108
108
108
670
670
670
670
670
670
108
692
670
984
819
692
984
802
729
729
553
553
670
692
108
670
670
670
670
670
670
670
670
670
670
729
670
670
670
670
670
432
432
802
802
802
670
729
729
922
917
917
917
917
917
917
917
917
917
917
917
917
917
917
917
917
917
917
917
917
917
917
917
917
917
917
917
917
917
917
917
917
917
917
917
917
917
917
917
917
917
917
917
917
917
917
917
917
917
917
917
917
917
917
917
917
917
917
917
917
917
917
917
917
917
917
917
917
917
917
917
917
917
917
917
917
917
917
917
917
917
917
917
917
917
917
917
917
917
917
917
838
838
838
838
838
838
838
838
838
838
838
838
838
838
838
838
838
838
838
838
838
838
838
838
838
838
838
838
838
838
835
835
838
838
835
838
838
838
838
838
838
838
838
838
838
838
838
838
838
838
838
838
838
838
838
835
838
838
838
838
838
838
434
976
976
976
976
976
976
976
976
976
976
976
976
976
976
976
976
976
976
976
976
976
976
976
976
976
976
976
976
976
976
976
976
976
976
976
976
976
976
976
976
976
976
976
976
976
976
976
976
976
976
976
