112
112
112
112
112
112
112
112
112
112
112
112
112
112
112
628
628
628
628
628
628
628
628
628
628
628
628
628
628
556
628
405
405
405
746
746
746
746
746
405
405
405
405
405
405
405
405
405
405
405
405
846
405
405
405
405
405
405
405
689
405
405
405
405
665
405
405
405
405
405
405
405
405
405
405
405
906
895
895
895
895
649
649
649
649
855
855
855
855
855
855
855
633
633
633
633
633
633
845
845
633
633
633
599
746
481
895
633
714
633
554
772
847
847
447
447
633
883
400
601
793
835
633
400
835
835
835
835
922
922
922
922
835
835
835
835
835
835
835
835
835
835
835
835
835
835
835
835
835
835
835
835
835
835
835
835
835
835
835
835
835
835
835
835
835
835
835
835
835
855
855
855
855
855
855
855
855
855
855
855
855
855
855
855
855
855
855
855
855
855
855
855
855
855
855
855
855
855
855
855
855
855
835
835
835
835
835
855
855
855
855
855
855
835
835
813
813
813
813
627
835
835
835
813
813
835
835
748
400
835
835
460
603
603
603
603
603
603
460
460
457
457
457
639
524
524
524
524
603
863
668
668
524
855
855
835
907
907
835
835
835
835
835
835
835
835
835
835
835
835
835
835
835
649
649
649
895
906
906
906
895
895
906
649
649
895
895
906
906
906
906
906
906
895
906
895
906
895
895
895
895
895
895
895
855
906
855
906
895
535
550
535
689
410
417
417
417
417
457
820
855
855
457
457
855
820
647
647
417
647
647
647
647
647
714
714
714
714
647
714
547
547
547
547
547
547
547
547
547
547
547
547
547
547
547
547
777
777
777
547
547
547
777
547
777
777
863
547
863
863
863
562
744
744
744
878
603
708
801
801
708
708
708
744
744
921
603
665
800
500
550
624
500
652
531
689
689
689
689
689
795
852
852
852
852
852
852
852
852
852
852
852
746
855
855
855
855
852
852
852
852
852
855
855
855
855
855
855
855
855
855
835
835
835
835
835
835
835
835
835
835
835
835
835
835
835
835
835
835
852
835
835
835
907
835
835
855
855
855
855
855
855
855
906
471
471
471
471
471
471
471
471
855
471
855
852
460
761
852
761
852
812
744
852
852
852
852
852
852
906
855
863
863
400
400
863
714
400
400
400
400
502
682
863
400
400
400
400
835
481
481
481
481
481
481
481
481
481
481
481
481
481
481
481
481
481
481
481
481
481
481
481
481
481
863
863
531
668
668
876
668
668
863
881
881
863
863
863
863
531
531
531
863
863
863
835
668
668
835
835
835
668
820
820
820
820
820
819
819
820
820
820
820
820
820
820
820
820
820
820
820
819
820
852
820
820
820
852
852
852
476
476
852
723
723
852
852
458
668
627
