782
782
782
782
782
782
782
782
782
782
782
782
782
782
782
782
782
782
782
782
782
782
782
782
782
782
782
782
782
782
782
782
782
782
782
782
782
782
782
782
782
782
782
782
782
782
782
782
782
782
782
782
782
782
782
782
782
782
782
782
782
782
782
782
782
782
782
782
782
782
782
782
782
782
782
782
782
782
782
782
782
782
782
782
782
782
782
782
782
782
782
782
782
782
782
782
782
782
782
782
782
782
782
782
782
782
782
782
782
782
782
782
782
782
782
782
782
782
782
782
782
782
782
782
782
782
782
782
782
782
782
782
782
782
782
782
782
782
782
782
782
782
782
782
782
782
782
782
518
782
782
782
782
782
782
782
782
782
782
782
782
782
782
409
782
782
518
665
782
782
782
782
665
665
665
782
612
518
518
665
665
603
603
866
979
665
665
917
782
782
918
782
782
782
782
782
782
782
782
782
782
782
782
782
782
782
891
891
891
891
891
891
891
891
891
891
431
891
891
891
891
891
891
891
891
891
891
891
891
891
431
891
891
891
891
431
891
891
891
891
431
431
431
431
891
431
431
431
431
431
431
431
891
431
431
431
891
431
891
891
891
431
431
891
431
891
891
891
431
431
431
431
431
603
603
603
603
891
891
891
431
891
431
891
431
431
891
431
891
431
891
891
881
881
891
891
881
891
891
881
891
891
891
891
891
881
891
891
891
891
891
891
431
431
431
431
891
891
457
891
891
457
891
891
891
457
457
457
457
457
703
457
538
891
796
613
841
613
440
613
417
603
603
603
603
603
603
603
603
603
603
603
603
603
603
417
417
417
603
603
603
603
603
603
603
603
603
881
881
603
603
603
891
796
796
431
431
431
431
431
431
431
431
431
431
431
431
431
431
431
431
431
431
431
431
431
431
431
431
431
431
431
431
431
431
431
431
431
431
431
431
431
431
431
431
431
431
431
431
431
431
431
431
431
431
431
431
431
431
431
431
431
431
431
431
431
431
431
431
431
431
431
431
431
431
431
431
431
431
431
431
431
431
431
431
431
431
431
431
431
431
431
431
431
431
431
431
431
431
431
431
431
431
431
431
431
431
431
431
431
431
431
431
431
431
431
431
431
431
431
431
431
431
891
431
431
431
431
431
431
431
431
431
431
431
431
431
431
431
431
431
431
431
431
431
431
431
431
431
431
431
431
431
431
431
431
431
431
431
431
431
891
431
431
431
891
431
881
881
431
603
891
881
881
431
603
431
431
431
431
431
431
431
431
431
431
431
891
891
431
891
891
431
431
431
891
431
431
431
431
431
431
891
603
891
603
431
431
431
431
431
431
431
431
881
881
881
881
881
881
881
881
881
881
881
881
820
881
881
820
