112
112
104
104
150
127
127
692
692
692
692
896
896
590
504
605
504
590
590
590
671
671
590
590
590
590
590
590
590
590
819
590
590
590
590
590
590
692
692
590
590
590
590
590
590
590
590
590
590
590
590
590
590
590
590
590
590
590
590
590
590
590
590
590
590
590
590
590
590
590
590
590
590
590
590
590
590
590
590
590
590
590
590
590
590
590
590
590
590
590
692
590
590
519
519
692
692
692
692
692
692
692
692
692
525
525
525
525
716
525
525
789
789
789
775
775
775
869
775
775
775
716
716
716
716
716
716
716
585
716
585
585
585
585
585
585
585
457
457
457
457
457
585
585
585
585
585
585
457
536
462
679
536
536
536
536
671
462
536
536
536
536
671
671
536
536
536
462
462
462
462
679
679
679
679
607
679
607
607
396
396
396
396
396
74
396
396
396
396
396
396
396
525
396
462
462
462
462
64
573
573
563
108
108
108
108
108
108
108
108
108
108
108
108
108
108
108
108
108
108
108
74
108
108
108
457
457
457
819
457
918
820
457
457
746
746
746
746
746
746
746
639
820
457
457
457
639
639
639
639
639
639
525
525
525
525
462
918
918
918
918
918
462
462
462
462
462
639
462
462
462
462
462
462
462
918
918
918
918
918
446
918
512
512
512
671
671
628
512
628
512
512
512
692
512
692
819
918
821
820
984
820
918
984
984
984
984
984
984
820
417
395
395
395
395
395
395
395
400
400
400
453
307
639
453
453
400
400
400
400
400
446
446
446
446
446
446
466
918
918
471
918
466
918
918
466
918
918
918
918
918
653
653
918
653
653
918
653
918
414
918
414
918
918
918
918
918
918
918
918
918
918
918
918
918
918
918
918
918
918
918
918
918
918
918
918
918
918
918
918
462
414
653
653
653
653
653
462
918
918
918
918
918
653
653
918
653
653
653
653
653
918
653
653
653
653
653
653
653
653
653
653
653
653
653
653
653
653
653
653
653
653
653
653
653
653
653
653
653
653
653
653
653
653
653
679
653
679
679
679
653
471
471
653
653
653
653
653
653
653
653
466
466
653
653
863
863
653
653
653
653
466
466
466
466
466
466
466
466
863
863
863
863
863
863
863
863
466
466
918
653
653
466
863
466
653
466
653
466
466
653
466
653
466
653
466
466
466
466
466
466
466
466
466
466
466
466
466
466
466
462
462
692
462
462
692
692
692
462
692
692
466
466
692
692
466
466
466
466
466
466
466
466
466
466
466
466
466
466
466
466
466
466
692
692
692
692
692
692
466
462
462
692
466
462
462
466
462
692
462
466
466
570
570
570
570
570
689
689
845
903
478
478
478
528
665
551
551
746
868
551
868
868
551
551
868
868
845
868
868
