830
830
830
830
830
655
655
655
655
868
830
628
655
868
875
655
735
655
655
655
655
655
655
655
628
655
655
655
655
655
655
655
655
655
655
404
404
404
469
404
404
404
469
469
404
404
469
469
830
830
875
469
469
830
830
830
469
469
830
469
830
868
570
570
868
570
570
570
570
676
868
868
868
570
570
868
868
868
868
676
676
868
868
676
868
868
868
868
868
868
868
868
868
868
868
868
868
868
868
868
868
868
868
868
868
868
868
868
868
868
868
868
868
868
868
920
920
920
734
734
920
920
920
920
920
920
920
920
920
920
920
920
920
920
920
920
920
920
920
920
920
920
920
920
920
920
920
920
920
920
920
920
920
920
920
920
920
920
920
920
655
920
920
920
920
920
920
920
920
920
920
920
920
920
404
920
920
920
920
920
920
920
920
920
920
655
655
655
655
655
655
655
655
920
655
655
655
655
655
655
655
655
655
655
655
655
655
655
655
655
655
655
655
920
655
655
655
655
655
920
830
920
920
830
830
830
655
655
655
655
655
655
655
655
655
655
655
655
655
655
655
655
655
655
655
655
655
655
655
655
655
655
655
655
655
655
655
655
655
655
655
655
655
655
655
655
979
655
830
655
655
655
655
655
655
655
655
655
655
655
655
655
655
655
655
655
655
655
830
655
655
830
655
655
655
655
655
655
655
655
655
920
920
920
830
830
830
830
655
920
830
920
655
920
655
830
830
830
830
830
830
830
920
920
830
830
830
830
830
830
830
830
628
830
920
920
830
830
830
655
655
655
655
628
655
676
628
628
628
655
655
628
676
830
628
628
628
628
628
628
830
830
830
830
830
830
734
734
734
830
734
734
830
830
830
830
830
734
734
734
734
920
920
920
537
404
734
734
734
734
734
734
830
830
830
830
830
830
830
830
830
830
830
830
875
875
655
875
875
875
875
676
875
676
875
875
830
920
920
570
868
868
868
570
570
868
868
868
868
920
868
830
830
875
875
830
875
875
875
875
875
469
404
875
875
570
570
830
570
570
570
570
570
570
570
570
570
570
570
570
570
570
570
570
570
570
868
868
868
868
868
868
868
570
570
570
868
868
868
868
868
868
868
868
868
868
868
868
868
868
868
868
868
868
868
868
868
868
868
868
868
570
570
570
868
570
570
868
570
570
868
868
570
868
868
868
868
868
868
868
868
868
868
868
868
676
868
868
868
868
868
868
868
868
868
868
868
676
676
868
676
868
868
868
676
868
868
868
676
676
868
868
676
868
868
868
676
868
676
676
451
467
676
676
676
451
451
676
451
868
451
451
467
467
467
467
467
467
467
868
451
467
451
451
451
451
451
451
451
719
451
451
451
719
719
719
719
451
719
719
